   4 -0.314604 1
   8 -0.964967 1
  12 -1.306818 1
  13 -1.582058 1
  17 -1.957822 1
  24 -2.237964 1
  28 -2.251061 1
  29 -2.370452 1
  36 -2.548951 1
  37 -2.816595 1
  44 -2.995481 1
  48 -3.053491 1
  49 -3.158847 1
  53 -3.191840 1
  57 -3.225372 1
  64 -3.352706 1
  65 -3.421323 1
  72 -3.468660 1
  73 -3.497744 1
  80 -3.650047 1
  84 -3.788645 1
  85 -3.929083 1
  92 -3.976193 1
  93 -3.986555 1
 100 -4.001362 1
 104 -4.037406 1
 108 -4.091554 1
 112 -4.210941 1
 116 -4.231593 1
 117 -4.364396 1
 121 -4.367410 1
 125 -4.423566 1
 129 -4.469279 1
 136 -4.472601 1
 140 -4.528447 1
 141 -4.590177 1
 145 -4.618979 1
 152 -4.626939 1
 156 -4.652873 1
 160 -4.653118 1
 161 -4.688570 1
 165 -4.753554 1
 169 -4.850804 1
 176 -4.893785 1
 177 -4.897985 1
 184 -4.928935 1
 185 -4.971351 1
 192 -5.015757 1
 193 -5.069398 1
 197 -5.126747 1
 204 -5.146489 1
 208 -5.186630 1
 212 -5.210573 1
 213 -5.214179 1
 220 -5.258179 1
 227 -5.281063 1
 228 -5.281382 1
 229 -5.298680 1
 236 -5.329495 1
 240 -5.401795 1
 244 -5.420317 1
 248 -5.472882 1
 249 -5.473086 1
 250 -5.475324 1
 260 -5.534276 1
 264 -5.577693 1
 265 -5.621362 1
 269 -5.668284 1
 276 -5.673882 1
 280 -5.685985 1
 284 -5.698830 1
 288 -5.736499 1
 289 -5.741424 1
 293 -5.787172 1
 300 -5.855149 1
 304 -5.874113 1
 305 -5.893665 1
 309 -5.914835 1
 313 -5.929340 1
 320 -5.933438 1
 321 -5.959877 1
   3 -0.314535 2
   7 -0.964898 2
  10 -1.306520 2
  16 -1.582482 2
  19 -1.958297 2
  22 -2.237738 2
  25 -2.250665 2
  32 -2.370553 2
  33 -2.548041 2
  40 -2.816882 2
  43 -2.995447 2
  45 -3.052746 2
  51 -3.159626 2
  54 -3.192789 2
  60 -3.225547 2
  63 -3.351919 2
  68 -3.422661 2
  71 -3.468363 2
  74 -3.498035 2
  79 -3.649899 2
  81 -3.787239 2
  87 -3.929415 2
  89 -3.975957 2
  94 -3.987363 2
  98 -3.999923 2
 103 -4.037073 2
 105 -4.090268 2
 109 -4.210592 2
 115 -4.231220 2
 120 -4.365069 2
 123 -4.368071 2
 126 -4.426270 2
 131 -4.470219 2
 134 -4.471750 2
 139 -4.528426 2
 142 -4.590476 2
 148 -4.619045 2
 150 -4.625546 2
 154 -4.651008 2
 159 -4.652994 2
 162 -4.689684 2
 166 -4.754573 2
 172 -4.852785 2
 175 -4.893691 2
 178 -4.899036 2
 183 -4.928912 2
 187 -4.971786 2
 191 -5.014056 2
 194 -5.069520 2
 200 -5.127198 2
 201 -5.145664 2
 205 -5.185986 2
 211 -5.209532 2
 214 -5.214181 2
 217 -5.256095 2
 221 -5.278609 2
 226 -5.280249 2
 232 -5.298929 2
 234 -5.328740 2
 239 -5.401263 2
 243 -5.419644 2
 247 -5.471673 2
 253 -5.475567 2
 256 -5.477041 2
 258 -5.533482 2
 263 -5.576442 2
 268 -5.622562 2
 270 -5.668743 2
 273 -5.672648 2
 278 -5.685733 2
 283 -5.698644 2
 287 -5.736393 2
 290 -5.742048 2
 296 -5.788680 2
 299 -5.854269 2
 301 -5.873021 2
 308 -5.894709 2
 310 -5.918742 2
 314 -5.929893 2
 319 -5.933438 2
 324 -5.960739 2
   1 -0.314535 3
   5 -0.964898 3
  11 -1.306520 3
  14 -1.582482 3
  18 -1.958297 3
  23 -2.237738 3
  27 -2.250665 3
  31 -2.370553 3
  34 -2.548041 3
  39 -2.816882 3
  42 -2.995447 3
  46 -3.052746 3
  50 -3.159626 3
  55 -3.192789 3
  59 -3.225547 3
  61 -3.351919 3
  66 -3.422661 3
  70 -3.468363 3
  75 -3.498035 3
  78 -3.649899 3
  82 -3.787239 3
  88 -3.929415 3
  90 -3.975957 3
  95 -3.987363 3
  97 -3.999923 3
 101 -4.037073 3
 106 -4.090268 3
 110 -4.210592 3
 114 -4.231220 3
 119 -4.365069 3
 122 -4.368071 3
 127 -4.426270 3
 130 -4.470219 3
 133 -4.471750 3
 137 -4.528426 3
 143 -4.590476 3
 147 -4.619045 3
 149 -4.625546 3
 153 -4.651008 3
 158 -4.652994 3
 163 -4.689684 3
 167 -4.754573 3
 171 -4.852785 3
 174 -4.893691 3
 180 -4.899036 3
 181 -4.928912 3
 188 -4.971786 3
 189 -5.014056 3
 195 -5.069520 3
 199 -5.127198 3
 202 -5.145664 3
 206 -5.185986 3
 209 -5.209532 3
 215 -5.214181 3
 218 -5.256095 3
 222 -5.278609 3
 225 -5.280249 3
 231 -5.298929 3
 233 -5.328740 3
 238 -5.401263 3
 242 -5.419644 3
 246 -5.471673 3
 251 -5.475567 3
 255 -5.477041 3
 259 -5.533482 3
 262 -5.576442 3
 266 -5.622562 3
 271 -5.668743 3
 274 -5.672648 3
 277 -5.685733 3
 282 -5.698644 3
 286 -5.736393 3
 291 -5.742048 3
 295 -5.788680 3
 298 -5.854269 3
 303 -5.873021 3
 307 -5.894709 3
 311 -5.918742 3
 315 -5.929893 3
 317 -5.933438 3
 323 -5.960739 3
   2 -0.314535 4
   6 -0.964898 4
   9 -1.306520 4
  15 -1.582482 4
  20 -1.958297 4
  21 -2.237738 4
  26 -2.250665 4
  30 -2.370553 4
  35 -2.548041 4
  38 -2.816882 4
  41 -2.995447 4
  47 -3.052746 4
  52 -3.159626 4
  56 -3.192789 4
  58 -3.225547 4
  62 -3.351919 4
  67 -3.422661 4
  69 -3.468363 4
  76 -3.498035 4
  77 -3.649899 4
  83 -3.787239 4
  86 -3.929415 4
  91 -3.975957 4
  96 -3.987363 4
  99 -3.999923 4
 102 -4.037073 4
 107 -4.090268 4
 111 -4.210592 4
 113 -4.231220 4
 118 -4.365069 4
 124 -4.368071 4
 128 -4.426270 4
 132 -4.470219 4
 135 -4.471750 4
 138 -4.528426 4
 144 -4.590476 4
 146 -4.619045 4
 151 -4.625546 4
 155 -4.651008 4
 157 -4.652994 4
 164 -4.689684 4
 168 -4.754573 4
 170 -4.852785 4
 173 -4.893691 4
 179 -4.899036 4
 182 -4.928912 4
 186 -4.971786 4
 190 -5.014056 4
 196 -5.069520 4
 198 -5.127198 4
 203 -5.145664 4
 207 -5.185986 4
 210 -5.209532 4
 216 -5.214181 4
 219 -5.256095 4
 223 -5.278609 4
 224 -5.280249 4
 230 -5.298929 4
 235 -5.328740 4
 237 -5.401263 4
 241 -5.419644 4
 245 -5.471673 4
 252 -5.475567 4
 254 -5.477041 4
 257 -5.533482 4
 261 -5.576442 4
 267 -5.622562 4
 272 -5.668743 4
 275 -5.672648 4
 279 -5.685733 4
 281 -5.698644 4
 285 -5.736393 4
 292 -5.742048 4
 294 -5.788680 4
 297 -5.854269 4
 302 -5.873021 4
 306 -5.894709 4
 312 -5.918742 4
 316 -5.929893 4
 318 -5.933438 4
 322 -5.960739 4
